image_width: 640
image_height: 480
camera_name: camera
camera_matrix:
  rows: 3
  cols: 3
  data: [588.973899, 0.000000, 340.565080, 0.000000, 588.740040, 276.946637, 0.000000, 0.000000, 1.000000]
distortion_model: plumb_bob
distortion_coefficients:
  rows: 1
  cols: 5
  data: [0.155778, -0.139286, 0.023517, 0.023536, 0.000000]
rectification_matrix:
  rows: 3
  cols: 3
  data: [1.000000, 0.000000, 0.000000, 0.000000, 1.000000, 0.000000, 0.000000, 0.000000, 1.000000]
projection_matrix:
  rows: 3
  cols: 4
  data: [616.194702, 0.000000, 352.115424, 0.000000, 0.000000, 618.615906, 285.316735, 0.000000, 0.000000, 0.000000, 1.000000, 0.000000]
