image_width: 320
image_height: 240
camera_name: camera
camera_matrix:
  rows: 3
  cols: 3
  data: [289.604990, 0.000000, 158.950465, 0.000000, 288.799162, 119.771739, 0.000000, 0.000000, 1.000000]
distortion_model: plumb_bob
distortion_coefficients:
  rows: 1
  cols: 5
  data: [0.140402, -0.260614, 0.001452, 0.000077, 0.000000]
rectification_matrix:
  rows: 3
  cols: 3
  data: [1.000000, 0.000000, 0.000000, 0.000000, 1.000000, 0.000000, 0.000000, 0.000000, 1.000000]
projection_matrix:
  rows: 3
  cols: 4
  data: [295.073517, 0.000000, 158.959476, 0.000000, 0.000000, 294.215149, 120.012307, 0.000000, 0.000000, 0.000000, 1.000000, 0.000000]
