image_width: 320
image_height: 240
camera_name: depth_Astra_Orbbec
camera_matrix:
  rows: 3
  cols: 3
  data: [296.809081, 0.000000, 161.519028, 0.000000, 296.543565, 124.860098, 0.000000, 0.000000, 1.000000]
distortion_model: plumb_bob
distortion_coefficients:
  rows: 1
  cols: 5
  data: [-0.077857, 0.206252, 0.001651, -0.000293, 0.000000]
rectification_matrix:
  rows: 3
  cols: 3
  data: [1.000000, 0.000000, 0.000000, 0.000000, 1.000000, 0.000000, 0.000000, 0.000000, 1.000000]
projection_matrix:
  rows: 3
  cols: 4
  data: [298.804077, 0.000000, 161.347120, 0.000000, 0.000000, 298.720459, 125.063834, 0.000000, 0.000000, 0.000000, 1.000000, 0.000000]
